$ANSIBLE_VAULT;1.1;AES256
34303135356231616534386161656530343532616334353265346135313436306234393139383762
3962336630646137303033353763343563313330316262610a343630653466393661323634356465
31303337346465316137326130353539333238333139306666383265636132623033326637316231
3636313263356237360a316664383266333463663137343864373166646131643366663134613136
36646565306135376330303336316664396263343936633365353338323466336562623238383264
63663964656233386133363266346535306430653037363439666233646361336462303461633662
37626334366138656439616139343965366539613533313966356534396536643062373638306638
64343462346264396564343136616562623933656363393438643963636365336661333661663630
31333863323130653338666434346438346365653534656337613633643466396239633339613637
31323061383932313437666363633065366330663335376233643863663061666335613234383934
62663630386461633661616562666565393039633938333961346163636665626431363932343263
65323165306465386531373130386363313330313466613836656163303065373331353461333662
64353663636630383234313035663462616161333461653266616139353462373332663034323339
65306537623536613339623731383535326338663835303134666532396662656135613938373735
39336563356362303133353734303164346438373634613334316362643166326537633332343065
36376339373339636337396662666162353134386135323332616664616537363565306363383939
31623463353638306265646239303262333363376439376138393831656633323062316562636566
37643263323365313332383263643266333166343138623337643961366337356462373634366462
34383833636432323838313237376131316533353430383464343631313130333537326362303234
33393864396335663166643932663862363965393564316532653431353332616161393462373030
36336361613230356430353533333036643762636339363862633137636563663863653132626435
35323238643265363237313263613763353962306361613665323062323333396635393232643031
34396263653461626332383534623733323238326332393436346539326335666634613535393864
66656436366234373363313636313336363536633865333039313963633338396262633064383365
65356335396339663935383464326531383636646665343830383737333337366561343662313266
36666664616535643365663862366233346462316333633566613632313631376563393439623137
63333830656663666438313233663866643133313764363035313265333338353262343936623561
66343064393737373738373461303636643536373531663532323863613164633530613437373136
64393362613763393535313239383036333232626461383237636563353533656635613539666338
35316539643464376466356139626332653232656234396436373130376630356166643332633339
61393237616363343030613736323264626662353166333230626366313266356361663439383931
39663530383464626462626537326435613536383662643962636334383836376661323331396234
35326262643166626536333131346430633232616138366163383465366466393834383333633037
63656664626432323538373064343862613765373262393930376262663234313837626532626432
37313062363165646438636661626237393566343862346531663635323337353232393265303636
66626532366462323663326563633732633830306532386636333130393236303936626362626237
63373161343135353030323337383431343533623865333763363437346632306635303834346630
39303762633339333437653831326135323537393564336533326363356161376538316261646239
32313161373931663430353962333334333831316163306135343434623135616565356437333431
64353962633466336634653436666166373830643263313635633766653463356561643532383438
37666339323433393566343866383932333862363234303538396235613662306338653536303234
35333438386135313536633930386434303765353632333263366538393538396235313736383766
32353733346631653432336432303238373333343237333135313238356638666565663130663238
61633563646362333831396531363165633861303762633761663830646233353930626665383432
38663566383837313766646165653365363638623630653461393232333337396339343831356162
62303131383134356166623264616361366334346530643966623036623338303265343838336230
61613231653765373032666539376430666633303938306630303638613038336132303731336466
65333433396139333266663161383238646166343163613731666132353835353735373738666433
66656239373839313035333065313662356263346466333736653565623761626435653832333135
33323632356636363839373138613763376462373739356364376265383935386661613233623861
36623862666636616430383464366262353838363836636635393864613537323030663061336531
61323638313463393666643939346432643139646261343531663134343863616432376534626336
32313332306366626165353033343064623936343333393335353864653833633063303436356163
30623166653933303462383162613662633162353461613865303731626130636437663034326465
38346131366265643332316237316332663233653166346639316135363839623234656332653733
62663131643333663863353935633434363330336262643739313135386631383161656534653830
66653131633363383461636364626562346364613034383664346232336636303539323063333336
30333430303961363530373364323333666366323339303165666133646538363939376266636332
38616431626235363738333266326333633062313365353364636565343262623430346439616432
35636261363430666635326438336534336332356137363738356334366237373634623665316330
33633165393039303365343831316562373734343237313163626535636434323239373130386637
66373437616332316466346463363566383632373336623235323035313362636334643565396163
35313133633236663835346234353536373564333833303334623965363366356363376433373635
39313762303561386566656534353633303136623764376239353935316431333363373530623036
32326135383837303065323732386636643934646265643531383933643638626131666332633637
65353366393838656665613636383838383437316631633131326165306432646231333862373164
62376230316536373465643831316565366335306637363763386635666138663332656135613761
61633564303230316637643266666235316661323965656634656132303839376462653535313030
63623863386231333362633830383665306435336664386561373138396130393735353232326566
66643063626533663735653836353239303339303236616236303465326636313463623661393230
65336239633461326166616463346539616337376431373034386236646638636330333232336531
39333137653662613231373662346535633536653363303565353730343036393638623462373435
35383761323761633062626235666631653834643631326138396564303265316335343262343162
39353566613932336661323061656537666139633439366235336433313433333061653431653535
33366131376361363265383333616439646132613237636632643333313239643265633337383032
36313138373632663834643561346630363863323132393061323836383063346431303661343866
35613762633666623633363961386437326162633532323565653932393337383263353530653535
32323234613235373761656336373736346466613938393062613162306664316438313563666465
62316261333464343963646235653464376365373863646538313634373937346531393339303662
35353233313062613630313266333835316333623338616164386262643038306133393238613132
65333139316461616335326366656234313430626530343062616139323832623339636631353239
63383464353863666363346331636265376265396435613830393862306632626130623235656239
61353431663734663736643563633566346563353239346639653035643163666237633937623665
35373237363562636130343862303735313361393832333439633830353934656633313761366135
33323262333138343563333038306236356639323861396263336461396265373433616638656432
32383961633266336137333936363433636361373563643837306464656132336139336233376431
36333536616432383563336265643065653435653130366464363065626264633032653037353631
63653966383364306162643131353837363131336664343137333764363664343538336366613837
61633166343738653566616664366635636362666234663237323134666362343032383862336565
66333637663432646637346135623037303434303638353636343534326638303265373961643631
35356134303264326239333862383839363663616434343030636635323537343263623833363837
30653536306662323637653864323263633838376464623061613261303863623564366430663832
3164
