$ANSIBLE_VAULT;1.1;AES256
61613635346536386436646430346636346661326136313131636630303037326561313965663038
3136316538326239336134373432363065643862623232620a316338313335653139653532623939
30346531663663383532343263356361346264613264623834303931393462353462333430613161
3437303233643163630a366439663339653539366561343566646166643866333563613535646430
38396262663465613939343337633937633662376166393965313361373331376430306236316461
65326564656338353136386633393936393464643036303364663437393064356538613738663365
37613136303538353934656333336337383536393162346636653933396262316665396462353661
38616263303638376665323064653937366466376435336133333332303163326233336361646637
32343863626366646631613762326161613633303766653034313436623739323131636361316238
37346130306539656638313632646537343533383637383737313033333262393763343134376430
61633763363938343336653932636361666139353739626338366161323165386633616138326666
61373661663661636432393163363165353436396231643961663666383365616630396637323464
65313865613632393337396533343530323661663863393363326661613330626237363735393134
61376231663662343062303466656163303332383234613338336231366266623665653831323930
32653466393631366461353734346533303662633030383466383136333563383961336633316235
36633031373130303638333530323236356661613563303761336462623532616330646232343839
35343861376261613837316536306265643838336631326261643238636436366132383333623262
64393766643937343734336236313562323530653238646134613361326132333662656265613365
64363736356562666461393738636632663435663237363535393235336631303638326334663633
37323164323561376465336530643962626437316561336636616538643536663364373339313361
36353735353633393038633830636462363866323363313663656135313838353065393738343365
64323238333664333232666463663536366134306463313633646230623734313266383664383037
37363039323961626237616535346133636137326132623139313933393836643234623836636633
37663061643738653761346334626531393766613038313032313766613161336665313838353663
32616535303635303136613032656462613766373261303836663061613532646535386433313635
36333936616336386464353932373762643962306265643531323135393336643831316230613235
39393566646663363565613061363838393239383532613563653135373764613437303662353931
64346664656636393064623761636438313261393663393632313665303966303339636636376532
37626562393362393261626136396436386532353164656239323535386233633561303334643365
39616363343234396163666139313264386439396137396238383963306435346234323333666238
36323038356235623037323063646132656436313832373865333636616664643062666261323264
36306566323435393630313938623536393031653239663933333461353062616439323061343633
39356666326636336464343935623436316530663765386131393832643566643534373834333361
36363430643632323635616233653234353730616536666337623036613633646639356434323762
62623333663466613236316439376561373663353035333135336236316531663436363066313034
37636365663537373161616436613332383835623236376130646162343539633437616531646335
62613165303238396263353131663534663132646638643336396366626438623635306535366665
37663066306330393338393738663735333665396161323965346161323232326434393565366136
37613862653137616635346535653135313835373934353762376333396132613632633264306635
36356334303237633065323033373135666533353433643337623739353064366463633737613162
32363032643665363834313466623138373030346337656132343535316264626161386137373833
31306465353562663065326334663434646261333137636363633330643238376233326633306236
62653737373264393638646161353962656136313463373230643964623139613533373539643263
35663038373135653061313064613361386564363130646533383932313238316365303663333033
32363837313432626364663633306662366437626163616463333038633762663532316236306164
63373539613334343231353838316465363162396466393161663061666236323635393134633430
31356337353365336430663764333535656339373466633130643565613061303934386335386462
64363838303763626662343930303038336561376431636662346135623161343131643331323236
36323434383038323239306665613230643234303765623738373663353461336266346565376133
34616236646632626162653837393239353263663132323539386463626635366361666437386239
39653331336263353536306665346235363964396438616465316561393661656263643938356139
35343134646162353032643664636237336431373532383062623537646430616265646130383835
34613534316331633838633030383230663936386334376365363036353139383562306163656261
37643833616136616234393430613764306236613130643332383737383138313739376430386138
34303230333232323236396536346634376135376231356638393037363365333333393331633761
32353535336331643334623834333264663939666333376534653566346437336438643234396164
65313663373834643431356432363638616537376637663336636662306562663038
